750
0 2
62
576
759 760
352
726 731
368 371
259 262
390 392
832 833
91 93
401 402
313
472
86 88
589 590
821
138 143
387
345 350
588
993 995
49 51
816 817
662 664
481 482
936
813 814
359 363
409 410
320
102 104
337 338
246 248
114 115
840 841
66 67
627
723
270 271
265
297 304
937 940
982 984
134 137
382 383
9
118 119
707
857 858
464 465
470 471
861 862
474 475
339 341
947 949
105 108
226 227
695 696
198 199
238 242
10 12
163 165
99 101
550
429
846 847
740 744
770 773
451
745
480
852
89
285 288
94 95
871 872
28
302
96 97
973 974
436
413 414
416
888
15 18
243 244
553 558
512 513
452 454
168 169
40 44
455 458
233
358
951
125
394 395
330 331
173 175
818 824
466 469
343 344
153 155
231 234
579 580
912 915
668 670
52 53
528 529
188 190
200 204
716 717
800 801
73
931
249 250
83
860
866 868
572 573
902 903
557
509
665 666
620 622
756
423
720 721
811
78
286
103
422 424
660 661
335 336
281
438 443
391
583 585
494 495
113
287
606
13
795 796
543 544
629
894 897
289 290
997
609 612
386 388
129 130
958 960
161 162
977 979
735 737
407 408
490 492
628 630
428 432
710 711
761
251
567
23
434 437
166
296
479
938
156 157
537 542
403 405
956 957
468
158 160
791
31 32
151 152
793 794
615 617
54 55
697 698
774 781
825 828
500
517 518
476 478
216
560
765 769
384 385
57 58
961 965
197
873 876
367
932 934
923
323
855
25
853 856
850
681 683
375 376
701 703
732
728
504
329
972
929 930
147 150
536
497
275
20 26
581 582
568 571
637 643
459 461
607 608
837 838
180 182
834 835
145
768
675 676
46 47
904 909
667
71 72
694
191 195
179
808 810
484 487
223 224
87
228
677
144 146
252 253
435
268
516
4
167
799
453
618 619
962
460
35
645
149
802
985 988
998
372 373
27 30
303
256 257
714 715
688
258
111
899
239
820
109
631 632
945 946
75
616
525 527
705 709
884 885
261
924
889
6 8
510 511
11
298
19
446
564 566
131 133
491
669
865
306 307
196
100
919 920
639
473
360
263 264
879 881
545 547
369
952 953
559
887
812
116 117
324 327
365 366
127
183 185
38
586 587
334
506
7
963
779
657 659
751 752
990 991
797 798
236 237
444 445
755
184
823
844
757
584
684 685
272
967 968
98
347
521 522
310 318
624 625
76 79
17
601 603
754
926
805 806
353 355
815
964
605
433
34
633 634
43
122
450
81
725
907
644
309
577 578
604
663
870
713
786
209
214 215
836
706
896
126 128
488
736
211
753 758
906
775
22
555
762 763
393
225
80 82
171 172
596
485
921
64 65
626
893
718
254
181
546
203
21
381
848
941 943
655
247
255
380
687
148
501 503
411
266 269
457
415 417
273 280
561
70
154
483
851
206 207
507
430
333
462
908
950
397
623
502
218 221
241
678
747
992
641
910 911
348
439
539
508
574
807
830
594
712
431
575
970
356
933
305
724
189
123 124
734
278
219
741
611
845
364
743
532
499
864
733
404
370
68 69
274
426 427
729
746
170
421
792
702
648
292
523 524
673 674
140
139
651 653
927 928
916 918
994
141
533
742
406
210
245
398 399
680
650
489
549
654
784
875
240
565
955
5
939
526
90
314
595 598
300
827
42
829
878
530
400
727
613
496 498
831
686 689
672
708
886
803
312
291 295
3
136
467
194
898 901
294
969
41
635 636
996 999
738
562 563
202
599 600
980 981
279
704
174
201
121
839
178
316
284
283
326
84 85
975
905
463
548 552
749 750
900
456
282
187
788 789
671
776
699 700
826
493
890
29
159
39
989
610
177
922
880
570
614
176
658
691
486
778
361
277
193
301
944
719
440
412
913
638
120
441
679
819
346
842
986
954
354
332
602
849
863
693
656
260
877
515
959
914
771
448
447 449
311
276
804
942
541
551
142
328
867
767
36 37
739
978
722
854
379
48
935
315
212
556
351
809
205
374
425
362
790
690
389
325
540
24
217
229
92
514
222
869
16
787
534 535
569
925
592
377
59 61
917
642
538
652
966
777
63
505
349
340
859
692
267
874
164
321 322
597
33
477
50
106
531
230
971
235
519
822
843
317
357
640
891 892
748
882 883
208
135
112
132
45
420
895
299
554
186
785
192
1
308
730
621
213
442
646
766
319
220
976
107
293
110
780
396
682
520
983
77
56
593
232
649
342
948
987
60
772
764
647
782 783
74
14
378
591
418 419
